size 320 240
vertex_shader color
fragment_shader gouraud
uniform 1 0 0 0 0 1 0 0 0 0 1 0 0 0 0 1 
vertex_data ffffff
v -1.4 -1.4 0 0.25 0 0
v -1.4 -0.6 0 0 0.25 0
v -0.6 -0.6 0 0 0 0.25
v -1.4 -1.4 0 0.25 0 0
v -0.6 -1.4 0 0 0.25 0
v -0.6 -0.6 0 0 0 0.25
v -1.4 -0.4 0 0.25 0 0
v -1.4 0.4 0 0 0.25 0
v -0.6 0.4 0 0 0 0.25
v -1.4 -0.4 0 0.25 0 0
v -0.6 -0.4 0 0 0.25 0
v -0.6 0.4 0 0 0 0.25
v -1.4 0.6 0 0.25 0 0
v -1.4 1.4 0 0 0.25 0
v -0.6 1.4 0 0 0 0.25
v -1.4 0.6 0 0.25 0 0
v -0.6 0.6 0 0 0.25 0
v -0.6 1.4 0 0 0 0.25
v -0.4 -1.4 0 0.5 0 0
v -0.4 -0.6 0 0 0.5 0
v 0.4 -0.6 0 0 0 0.5
v -0.4 -1.4 0 0.5 0 0
v 0.4 -1.4 0 0 0.5 0
v 0.4 -0.6 0 0 0 0.5
v -0.4 -0.4 0 0.5 0 0
v -0.4 0.4 0 0 0.5 0
v 0.4 0.4 0 0 0 0.5
v -0.4 -0.4 0 0.5 0 0
v 0.4 -0.4 0 0 0.5 0
v 0.4 0.4 0 0 0 0.5
v -0.4 0.6 0 0.5 0 0
v -0.4 1.4 0 0 0.5 0
v 0.4 1.4 0 0 0 0.5
v -0.4 0.6 0 0.5 0 0
v 0.4 0.6 0 0 0.5 0
v 0.4 1.4 0 0 0 0.5
v 0.6 -1.4 0 0.75 0 0
v 0.6 -0.6 0 0 0.75 0
v 1.4 -0.6 0 0 0 0.75
v 0.6 -1.4 0 0.75 0 0
v 1.4 -1.4 0 0 0.75 0
v 1.4 -0.6 0 0 0 0.75
v 0.6 -0.4 0 0.75 0 0
v 0.6 0.4 0 0 0.75 0
v 1.4 0.4 0 0 0 0.75
v 0.6 -0.4 0 0.75 0 0
v 1.4 -0.4 0 0 0.75 0
v 1.4 0.4 0 0 0 0.75
v 0.6 0.6 0 0.75 0 0
v 0.6 1.4 0 0 0.75 0
v 1.4 1.4 0 0 0 0.75
v 0.6 0.6 0 0.75 0 0
v 1.4 0.6 0 0 0.75 0
v 1.4 1.4 0 0 0 0.75
render triangle
# NOTE Test for correct handling of flat interpolation with clipping
# GRADING 2 1.00
