size 640 640
vertex_shader pass4
fragment_shader gouraud2
uniform 1 0 0 0 0 1 0 0 0 0 0 1 0 0 1 0 
vertex_data sssssss
v 0.143443627876952 0.423241111202501 0.695362930322826 -0.498115196833524 0.245149446123401 -0.292685898673946 -0.540580988501659
v 0.854301271252076 0.792059022963247 0.611179112771211 0.0807048854470906 -0.619117767198455 1.18338866676368 -0.145290641980708
v 0.282381117873637 0.15880997649311 0.334800481164979 0.24814026950734 0.766060366505081 -0.752566220865665 -0.179260828070142
v 0.229208063390899 0.403176026047827 0.433852279229122 1.05677724045064 -0.364707494440549 1.07174819610405 2.30284604308044
v 0.614873141054549 0.834433799288121 0.147228493841578 1.04100869874776 -0.314109871931589 0.66380391851084 -0.035131742300365
v 0.704833877635984 0.0378754885150876 0.717370747995915 -1.0559903165957 0.957024144113617 0.0740284322232241 2.39124032359165
v 0.0917233777246302 0.269249574025018 0.734008699594089 0.200190343305624 -0.437441718382757 0.0913977197428466 0.91461666176798
v 0.969658515075636 0.933064627728779 0.53253824661649 0.0169495385652909 -0.0387058772487052 -0.649297383931554 2.67734804213804
v 0.773513446024868 0.0246133591221707 0.340148752073613 0.149847284727397 0.2246650361109 0.645690793929819 0.0530570328761826
v 0.554512124729804 0.873531397075869 0.750809312239866 -1.14332787268947 0.507044665347175 -0.0435672713929989 1.49944920169723
v 0.0346258337695353 0.544846993010403 0.223669968127286 -0.919009413993066 0.946353916361119 -0.277736110425772 0.554755311746703
v 0.100564875193669 0.433459788968047 0.712411194444265 -0.124873884554802 -0.791879262937263 0.772129052496968 0.725472425023568
v 0.528200787578928 0.686404116303095 0.815826729821634 -0.462393663905507 0.793039341605902 -0.606243569055582 2.27392637060402
v 0.595231554264892 0.155818977476773 0.522026178256823 -0.305248452448455 -0.100749067379255 0.704736321075859 2.91307774366963
v 0.516198359031673 0.0967036800024843 0.682956062371236 0.970813115523222 -0.318527605994342 -0.859364540466143 1.11557593245874
v 0.947622337026715 0.731608796312113 0.841946435774382 -0.663895806150413 1.01808657989241 0.774233336459696 1.28260927573815
v 0.598350949144123 0.314820735340547 0.691173222515797 -0.452031554064106 0.0213651445528513 -0.927040205316027 -0.732613956230551
v 0.215626772094687 0.300393795060405 0.71109512759331 0.573793856857498 0.0266517965219777 0.51710107886106 0.431119519933347
v 0.222566557754032 0.905345442882613 0.978895075535167 -0.930775091928771 -0.92081061738815 0.804338764025678 1.71001937956305
v 0.945923020042073 0.239346169273897 0.143340654181863 -0.135131292500989 0.207532799886045 0.752599917213052 1.7821240862428
v 0.746278968217045 0.870674777058895 0.495426549686226 0.229421541949316 0.741978002894609 0.315121119481765 0.250294701052979
v 0.0487290711504542 0.0233597409230448 0.900588152634384 -0.554389796880042 0.704588532262411 0.416763232598271 -0.827129975884773
v 0.606532745854846 0.244120810538952 0.879837457544571 -0.085133508360147 0.181778479729922 0.568328891516214 -0.272590582823511
v 0.531138384148662 0.93913953778198 0.828411521091503 0.153438305948862 0.0878011341641725 -0.646767649884924 2.87955995946398
v 0.38068968550316 0.155134539715974 0.146294137206151 -1.06062144838099 1.16408691798943 0.940017102052482 1.98354117156887
v 0.408891156280909 0.134145799840571 0.849107779211565 -0.54354173506419 1.07698236682978 -0.0838765011547593 -0.185661058823555
v 0.15558242005066 0.751724149000587 0.138399353010687 1.19244710016234 -0.101315887251752 -0.718536946600185 1.43631426757906
v 0.717205546030726 0.904283929592463 0.361146350118084 -0.385346351661531 0.0880110611286369 1.19179363796096 0.46230382492196
v 0.19020291064604 0.673626650862843 0.437097310675693 -0.713472811472823 0.120904994578598 -0.215251078658716 2.31645498789234
v 0.234624545545437 0.497972889038071 0.365852138029169 -1.03993871338121 0.1241204616266 -0.351587114190954 1.69963553384967
v 0.558972389276644 0.866489779983475 0.34578596136814 -0.637167056028122 0.77315588171279 0.65142884816955 2.59531513428118
v 0.721114869614283 0.444124623226852 0.838896315128231 0.588297123283837 0.649458740817184 -0.238902754864199 1.3210256803488
v 0.0413575843526424 0.691099816667574 0.329191484318212 -0.519115156983654 1.19880566447102 -0.807786646095676 0.436429084932826
v 0.601234144649744 0.962985945949516 0.538396460675031 -0.292013746869719 -0.963128406423962 1.08646638395721 1.88593138779895
v 0.223511040129619 0.257073715236295 0.26940206754195 -0.782931979326085 -1.0538654561031 -0.2851072638597 1.89815016616524
v 0.893166130699854 0.515470246657497 0.541070821486223 -0.932596775044465 0.749758661080037 -0.728303154807457 1.46996952598273
v 0.281381144113769 0.884227196217097 0.412403930981906 -1.03833472571457 0.622458674689267 0.193024709735292 0.970329648713431
v 0.731304565675678 0.575648934568935 0.0791231195851196 0.48446742471703 1.15635058529315 -0.666619724539521 0.598283588927515
v 0.833296267873717 0.830463014849663 0.0563912970226887 1.08502223724818 -0.778774872512855 -0.985567058662153 -0.210809754546915
v 0.313359292367338 0.541529463339113 0.320319585033893 -0.762948201218319 0.632106598282078 0.184323619298829 0.756082983421564
v 0.717621171080101 0.589755612695924 0.639200831778734 -0.328990032006064 0.516344742970205 0.441770347632203 -0.123846534906846
v 0.439733050563582 0.0900263494183555 0.582103333528821 1.12139853600423 0.411055295661853 -0.912339782686627 2.16674703614176
v 0.694807738581783 0.127718262311284 0.625217847714897 0.467078288998087 -1.1964772845381 -0.501240648340095 2.34952488166482
v 0.909890035424866 0.273711697780595 0.496636903286465 -0.420824005760608 -0.0207759802110643 -0.803482054542309 -0.863449162012543
v 0.59529912148432 0.101643803819059 0.0559596410509862 -1.18888360643355 0.881611626286769 -0.668996108496626 1.35112810382006
v 0.31502842645596 0.210736936050356 0.272703783472679 -0.406979935121495 -0.235399553974801 0.420730314502259 0.906098269637127
v 0.264927668737609 0.173626286052546 0.280497254878956 -1.04168450610511 0.331965010075209 0.0523195460322285 0.639498627523551
v 0.641881229433253 0.285295225165779 0.533997560601499 0.612306776846526 -0.48688184782504 0.960191356492709 2.16257716250125
v 0.602418339798664 0.861969712968673 0.869152276232764 -0.0499732813687301 0.670261081455715 1.01035670944118 2.42619111803018
v 0.106293426505353 0.341171529864415 0.747112190565147 -0.117609157293777 -0.921912525811482 0.184711851738893 2.87891616840481
v 0.50713352859476 0.606057109038666 0.624753967410431 -0.433005638081394 0.258366623319517 -0.838636411974849 1.59424705092476
v 0.822726067191184 0.236979896065048 0.540825856197308 -1.15543999326104 0.863727363895774 -0.0843715515006749 0.303772521184456
v 0.331373425084795 0.160304992650168 0.0893845652693237 0.826542564394614 -0.279010429080211 -1.09845151405308 -0.8858126065916
v 0.686343018587216 0.780399953346294 0.458073960963418 1.0291496592684 0.266097728552492 1.18303794505101 0.0439983911656867
v 0.963587307277233 0.636195237104907 0.0532659660934804 0.173258838177529 0.61743688932674 -0.814890560736947 1.24604264962801
v 0.809348181513528 0.262277100531573 0.532972443360073 -0.9761058628829 0.187287014097754 -0.223309259200079 -0.510721734897444
v 0.304073189229246 0.151204995642971 0.907908069071706 0.559122865243793 -0.680010668558862 0.953370564369746 1.4653450947043
v 0.260823158040246 0.31330961813855 0.635508863795664 -0.931063836745415 -0.129003612064881 0.838090857919883 2.60991775232087
v 0.743334533515377 0.778239865735522 0.900158149826257 -1.17717735410737 0.514489610878041 -0.215465487048519 0.0699814322426846
v 0.172275280176194 0.916991608346745 0.158467082485522 1.13657027236876 -0.103184749708507 0.800309073401178 2.52333036513348
v 0.00108771846274536 0.526871129074948 0.266117155517275 0.911421578489987 -0.894505671283821 0.566869911427344 -0.868713419852753
v 0.840396681581971 0.255053665117831 0.624808941218049 -1.11975497775616 -0.304094730991099 -0.406524149321797 1.85122108876611
v 0.00639243853745697 0.517305456319967 0.847809566646308 -0.490539279236893 0.127313284028713 0.941735757963803 1.43412646036876
v 0.827027235535709 0.775038966368751 0.919043102251457 0.960175402823961 -0.727049853204014 -0.208158271461804 0.936361834890434
v 0.752219240235565 0.0585111050965992 0.0882373472587368 0.845048625903482 -0.65082858317935 -0.904554191394229 1.45815743653182
v 0.271844950416586 0.0758469553909329 0.579358015785616 -1.15197326518791 0.934062912771682 1.17112294653016 -0.746874165450052
v 0.139095789482962 0.0721424691025803 0.756702585182797 0.187355121783722 -1.06562225768459 -0.133530512828511 2.73558170241733
v 0.0436637120602086 0.257713502346501 0.780580394711514 -0.888632149129342 0.546437813164963 0.370125829100795 1.62749682434868
v 0.569609418663621 0.821427901372175 0.842345810574908 -0.852590212438625 -0.814545542083044 1.15535445629042 2.06807067934616
v 0.702459393764876 0.375416810326701 0.214385822709687 0.0811164317408555 -1.1644412259132 0.404979652828899 2.36785772836343
v 0.258501325268181 0.0543519035672873 0.155197601429965 0.70021577526459 0.0643015750989833 0.232621690069274 2.51150433967501
v 0.462521870330804 0.902345989688026 0.873852203938462 -0.706984928441148 0.989344417236478 -0.96184655142668 1.79743216512095
v 0.305540165871367 0.23076170773966 0.378361709185977 1.12081806051995 -0.351058015195622 0.749667335659936 -0.36887958670772
v 0.332905362102743 0.874749901914658 0.183277515521681 1.19116221326342 0.998323724070369 -1.10403277785488 1.61777808373203
v 0.215622704617811 0.261775750368066 0.331372667972563 -1.13842129139155 -1.10511214669295 -1.17231145076131 2.7576824395901
v 0.2936780124883 0.428011982018187 0.913325866526982 0.355461699843943 0.538512211001571 -0.664144985419733 -0.193235229603246
v 0.962843876137615 0.88181734462006 0.938898327864177 -0.26731101005885 0.609870956666157 -1.0939838393206 2.30037610889903
v 0.783745734795211 0.219809928383828 0.200878635704242 1.02523079487045 -0.191999836029279 0.841964224183892 -0.41954789646185
v 0.0733477404782796 0.688872564628774 0.171906330499073 -0.574753191669672 0.0601473901764336 0.157084062810551 1.43341392004771
v 0.438339794110007 0.481392042424996 0.15467308829124 -0.580366123731346 0.632369369167466 0.411564751215923 -0.444162913494026
v 0.690569977299237 0.565134156578708 0.346950688297763 0.742254428544638 0.120784016765879 -0.939050682040963 2.23968137065506
v 0.681302602056952 0.268140486626567 0.546518162485384 -0.323715774592114 0.0426205911772144 -0.580802223244746 1.83959206913543
v 0.471523758749196 0.443672190992579 0.522761772112364 1.11444934285923 -0.240837275443545 -0.741044189170671 0.683928221564997
v 0.874444383604896 0.357738882577035 0.554880357361732 -0.494601836843719 -0.386095499904499 0.721969834047201 1.78766900888753
v 0.37239066188528 0.0253727733573044 0.31224714651189 -0.463928168375631 0.418669159869057 -0.890609414200853 1.91640590119047
v 0.965176118758244 0.472096685052268 0.127144530719818 0.371340948036067 -0.422887796887201 0.217408501777675 0.771652129824005
v 0.137205494708777 0.966260268701653 0.126783912089994 0.413425274840896 1.17249598992011 -0.696600257710705 -0.888099668123402
v 0.937804264912629 0.724744103896423 0.160578762098758 0.169393534286451 -0.00610218327635437 0.602800376014756 -0.427445437060825
v 0.718177421440362 0.9775549532052 0.65654148971441 -0.165611700639525 0.843412606814218 -0.793000604578262 -0.606307445487431
v 0.472569370026925 0.346125340544649 0.0722330851039459 0.41495124707979 0.556235823006918 -0.487146119308295 -0.163463889161633
v 0.502638340167305 0.318960582731883 0.894756194857724 0.0587504999658137 0.513703573440995 -1.06576084839523 0.356624019294713
v 0.105182815082998 0.0373641091924917 0.232973865296522 -0.0527132674519748 0.447330911138161 1.05279507241842 2.53595645979478
v 0.155124373951285 0.366425541941908 0.799858653217864 0.297358885774699 0.0752117139312418 1.00915169719412 -0.288140830847311
v 0.088000858372304 0.471169883713916 0.430454890386983 -1.03327508811495 0.551878832912527 0.115469932684789 2.91568749725774
v 0.329268290759639 0.419125667095294 0.956363249519857 0.505299339775846 0.171483726329842 1.13609050839382 0.609543577517059
v 0.157047907697077 0.947681141100755 0.808464446552243 -0.256591507787789 -0.387255389361368 0.312671058758946 2.72246261852088
v 0.38549215871463 0.746310958380136 0.759302667590841 -0.899064045580317 -0.537011334096837 0.408260372579232 0.506613529307543
v 0.919811081676109 0.254920170121398 0.116347702250451 -0.660358497490864 -0.206627346176825 1.12666677877651 0.542542787381237
v 0.946873928383479 0.70175237135448 0.23012721283887 -0.69877536554205 -0.109356190914531 0.560998252696899 1.26199731522013
v 0.635170158569906 0.285836615830004 0.113982924918822 -0.194145534757615 -0.0278517445546953 -0.467469973581086 1.11730714954446
v 0.332130187875695 0.220803115029611 0.0459351349126216 -1.18384067524037 0.77767126219104 -0.84079716139764 1.12027556866016
v 0.820250683358459 0.737142074109361 0.845626784631804 -0.633155328593358 0.181914370363299 -0.567866564912981 -0.262773007881734
v 0.168625521104556 0.605423433668754 0.0578621015743614 -0.881772621687102 -0.481474606599164 0.126700819119443 2.83660768881424
v 0.892804604246791 0.738050269597263 0.81093417654747 0.31972392445557 0.713372678627346 0.601439648001741 2.73033536931923
v 0.975913101730431 0.474252864886765 0.481756733444453 0.374304370192053 0.505808059289984 0.241189775803335 1.40643005754205
v 0.0814138828334947 0.156464838792505 0.541917698965207 -0.792834669765006 -0.991041891732939 -0.167985150490108 0.515234436827129
v 0.773187144383126 0.48012752581085 0.227530006077689 -0.409365234608308 -0.808638253824114 0.614309757879059 1.32666862615088
v 0.701397148971324 0.969675433226097 0.471392329458361 -0.0399348096260497 0.33547193738531 -0.779566363391513 1.92983941330819
v 0.743482188212145 0.770139493093836 0.0481682746890151 0.00810584877749254 0.490205223857822 -0.0135384770517106 2.93101174944977
v 0.276766398519662 0.127408483160256 0.0965617516035024 -0.885172198511106 -0.25717651327175 0.943743507533952 -0.398049551207137
v 0.213459935728078 0.512492810055925 0.713467868493726 0.574883515722038 -0.40164295957523 -1.02893837164429 1.12453647276192
v 0.875441594562986 0.850958310198163 0.0193510123527787 1.04664299325323 -0.118615808499178 -0.744030948581764 2.72743918330521
v 0.118472108283544 0.213994008823235 0.291521998186592 -0.787212179013696 -0.122544564843633 -0.88279362779551 1.9939095576556
v 0.173800919663826 0.00960693760025677 0.527089030070172 1.12026221088414 -0.310535365304045 1.02800263510721 2.75201123716799
v 0.64966350235569 0.280421837151216 0.996542018345014 1.01788218360192 -0.051336277174022 0.400557101485091 2.36433336037442
v 0.113506042495715 0.528362767481138 0.357100518999324 0.774683387048083 0.113528799571136 0.998559515648691 2.47966395593916
v 0.810860330722281 0.269170600409012 0.594443399992155 -0.530886714861234 -0.437781200731354 0.490026517036577 -0.567576963246239
v 0.0980994295762443 0.0775078049835862 0.478700449268615 0.952769008247122 0.446572630307898 -0.424388130790601 1.33295154270773
v 0.665488420619507 0.796952681225143 0.487512278166154 -0.401129441382952 -1.15101243175014 0.547752171202794 -0.322373100016364
v 0.745150490916089 0.154562169208102 0.785389486689688 -0.438369872026556 -0.0571865434240606 -0.983038417690415 -0.305865758101092
v 0.460209034524485 0.270234158007057 0.239329263092028 -0.474160109293021 -1.09774424779607 0.782601501762204 0.056469507459866
v 0.497829394055096 0.157564538251012 0.725750527848319 -0.259448597872614 -1.15833445410448 0.00490300019798728 -0.837866297985968
v 0.935221009386037 0.828681613988728 0.510256134717611 -0.222224992656479 -0.989137182191047 0.720631292138873 0.442064188681115
v 0.196447103880786 0.126931503254138 0.5934580390661 1.11450636684366 -0.352379222621548 -0.749477681877551 0.202782669988224
v 0.599259697355851 0.158288805419147 0.780504004552011 0.77504902226419 0.956346084275776 0.0128844465097386 2.27797983583318
v 0.139864067304636 0.527214199707206 0.295253285093537 0.270442406436308 -1.02622769263792 -0.42976323598383 2.34786888526058
v 0.414112439657881 0.807930429420161 0.449899009638191 0.749144419126949 -0.557193821187576 0.409190380879815 2.40861744072362
v 0.226442468227745 0.0909167824453867 0.803217972772977 -0.28693916847983 -0.842793110057434 0.792193026566196 1.97341802656474
v 0.641346966653675 0.631814478663259 0.863514287440776 0.907523432609386 -1.12829973596315 0.112681824250402 0.443591410317623
v 0.998084996020204 0.648761634466144 0.0996962524598217 0.662098876126225 1.07645805622722 -0.749954573000468 -0.869287322496191
v 0.242783072091651 0.465065803804926 0.0235768696942564 0.382511062883705 -0.59782788753302 0.951807691356916 1.37704935899285
v 0.687893737723982 0.816209758043993 0.197092536379422 -1.18966785642832 0.616544089352433 -0.784129352781059 -0.456340640762491
v 0.452053518625807 0.491482305913536 0.515406378043064 0.155902192462165 0.18312292657755 0.252781897631885 0.908204501599101
v 0.589161283026179 0.121551663196019 0.439168693737315 0.155609103260002 0.911488385248683 1.10701381129171 1.18742413169262
v 0.829940005122463 0.0373928770293261 0.47465510355136 1.05792288354988 -0.494313501747598 -0.24149864871263 2.04283490303493
v 0.182069456955261 0.347284675779317 0.621977721357119 0.626932271649252 0.102444169150638 -0.40976149959759 2.9348785038929
v 0.642939262003825 0.893336444068112 0.73188227306667 0.0824597661150932 -1.18963253185589 -0.883621167479802 -0.717630808746748
v 0.12374436740965 0.504262589985803 0.429591286266927 1.03595700478211 0.924106454273905 -0.00392279522227446 -0.0261988236274675
v 0.518836481689998 0.447639631894369 0.657750571730265 0.722407316608056 -0.390074807389095 0.841682576086518 -0.609011365717379
v 0.322807621338853 0.734505446541515 0.0574878210798104 0.0730741231022307 0.841777440065735 1.15573544359621 0.58282076618913
v 0.900429250487807 0.106386673931468 0.231164489955386 1.02025726754796 -0.957331093194887 1.13435774246115 1.77147066550933
v 0.208483050992918 0.109429742298179 0.710652295176573 -0.606301591111793 0.991919331841675 0.202662035967103 0.556827062837542
v 0.786286354563085 0.556386691429871 0.101734821614432 -0.545279672948138 0.3195219439254 1.0520320092869 0.629449577852427
v 0.822219727150369 0.758506507418016 0.964514377335938 -1.14950733499072 -0.477776582120347 -0.757219080824831 1.13805603260467
v 0.300292842868902 0.902154011320292 0.777285918547047 -0.982182850249538 -0.367296722706146 -0.864470766297401 2.25943714018243
v 0.0278403137321348 0.774914724084898 0.669261235739398 -0.717872811898945 -0.658523299954109 -1.04863197859263 2.82206363511607
v 0.175110561480448 0.581417912245293 0.887793462549855 0.0998768352027042 0.770230335722709 -0.393227975758046 2.64077478347269
v 0.541646759059176 0.631584126536648 0.12394858721516 -0.395222503927687 -0.772778538009865 -0.23848344826601 1.96287755194648
v 0.818724805333492 0.948527417817814 0.916305586661519 -0.532403518632807 -0.198960422822495 0.0450991639732734 0.871863261927928
v 0.510045175717231 0.0393573827206843 0.726651728184436 -0.526765256003256 -0.136004944709069 -1.07606753901808 1.42728885168491
render triangle
# NOTE Big test with negative w.
# GRADING 2 1.00
